BEHAVIOR:
  name: hands
  trajectory_duration: 4.0
  rh_shift: [0.07516785926999975, -0.2863543062747465, 0.35279163396913815, 0., 0., 0.]
  lh_shift: [-0.09996504167122494, 0.1944921586463071, -0.3861912776758508, 0., 0., 0.]
  reflex_contact_pos: [0., 0., 0.]
  reflex_speed: 1.
